[gd_scene load_steps=13 format=3 uid="uid://bri6b8ym6abub"]

[ext_resource type="PackedScene" uid="uid://clcdi87ddjqs4" path="res://Scenes/Entity/player/Player.tscn" id="1_ayncn"]
[ext_resource type="PackedScene" uid="uid://dhtkfimwf5xo3" path="res://Models/roads/line_loads.fbx" id="2_xjcyi"]
[ext_resource type="PackedScene" uid="uid://c7xgyt14kog4x" path="res://Scenes/Maps/Menus/pause_menu.tscn" id="3_00pf1"]
[ext_resource type="PackedScene" uid="uid://dll7p4cp772ir" path="res://Models/mainIsland.fbx" id="3_c2l6n"]
[ext_resource type="PackedScene" uid="uid://c1yemjt28cwwu" path="res://Models/roads/crossroad4.fbx" id="3_d85cx"]
[ext_resource type="PackedScene" uid="uid://4qb40w3bmg8b" path="res://Scenes/Items/jelly/ball.tscn" id="5_ebwre"]
[ext_resource type="PackedScene" uid="uid://qlax26crfd6l" path="res://Scenes/Maps/Water/Water.tscn" id="5_nbedp"]
[ext_resource type="PackedScene" uid="uid://ce06owaob2p25" path="res://Models/chair.fbx" id="6_l7a5t"]

[sub_resource type="StandardMaterial3D" id="StandardMaterial3D_v5wpo"]
cull_mode = 2
albedo_color = Color(0.803922, 0.670588, 0.25098, 1)

[sub_resource type="ProceduralSkyMaterial" id="ProceduralSkyMaterial_cpmqf"]
sky_top_color = Color(0.285199, 0.661607, 0.831565, 1)
sky_horizon_color = Color(0.4, 0.654902, 0.756863, 1)
ground_bottom_color = Color(0.487269, 0.592586, 0.913469, 1)
ground_horizon_color = Color(0.834101, 0.498423, 0.838669, 1)
ground_curve = 1.7003e-05
sun_angle_max = 21.0
sun_curve = 0.7917

[sub_resource type="Sky" id="Sky_es0ww"]
sky_material = SubResource("ProceduralSkyMaterial_cpmqf")

[sub_resource type="Environment" id="Environment_25vrm"]
background_mode = 2
background_color = Color(0.4, 0.654902, 0.756863, 1)
sky = SubResource("Sky_es0ww")
ambient_light_source = 3
ambient_light_color = Color(0.401506, 0.655985, 0.755383, 1)
reflected_light_source = 2
ssr_fade_in = 0.0299845
ssao_power = 0.549032
fog_light_energy = 0.55
fog_sky_affect = 0.859
fog_height_density = 16.0

[node name="Map" type="Node3D"]

[node name="WorldNodes" type="Node3D" parent="."]

[node name="CSGBox3D" type="CSGBox3D" parent="WorldNodes"]
use_collision = true
size = Vector3(10000, 72.82, 10000)
material = SubResource("StandardMaterial3D_v5wpo")

[node name="WorldEnvironment" type="WorldEnvironment" parent="WorldNodes"]
environment = SubResource("Environment_25vrm")

[node name="DirectionalLight3D" type="DirectionalLight3D" parent="WorldNodes/WorldEnvironment"]
transform = Transform3D(-0.934695, -4.37964e-07, 0.35545, 0.221195, 0.782782, 0.581658, -0.27824, 0.622297, -0.731662, 0, 16.5344, -20.3431)
light_color = Color(0.928691, 0.872812, 0.890991, 1)
shadow_enabled = true
shadow_opacity = 0.8
shadow_blur = 2.0
directional_shadow_split_2 = 0.0
directional_shadow_fade_start = 1.0
directional_shadow_pancake_size = 0.0

[node name="Water" parent="WorldNodes" instance=ExtResource("5_nbedp")]
transform = Transform3D(10000, 0, 0, 0, 75, 0, 0, 0, 10000, 0, 23.3485, 0)

[node name="Roads" type="Node3D" parent="WorldNodes"]

[node name="line_loads" parent="WorldNodes/Roads" instance=ExtResource("2_xjcyi")]
transform = Transform3D(1, 0, 0, 0, 0.984808, -0.173648, 0, 0.173648, 0.984808, 0, 105.821, 0)

[node name="line_loads2" parent="WorldNodes/Roads" instance=ExtResource("2_xjcyi")]
transform = Transform3D(1, 0, 0, 0, 0.984808, -0.173648, 0, 0.173648, 0.984808, -0.0202875, 102.622, 18.2386)

[node name="line_loads3" parent="WorldNodes/Roads" instance=ExtResource("2_xjcyi")]
transform = Transform3D(1, 0, 0, 0, 0.97437, -0.224951, 0, 0.224951, 0.97437, -0.0470829, 99.0866, 35.6907)

[node name="line_loads4" parent="WorldNodes/Roads" instance=ExtResource("2_xjcyi")]
transform = Transform3D(1, 0, 0, 0, 0.984808, -0.173648, 0, 0.173648, 0.984808, 0, 95.5567, 53.0818)

[node name="line_loads7" parent="WorldNodes/Roads" instance=ExtResource("2_xjcyi")]
transform = Transform3D(1, 0, 0, 0, 0.996195, -0.0871557, 0, 0.0871557, 0.996195, 0, 93.1626, 80.8952)

[node name="crossroad4" parent="WorldNodes/Roads" instance=ExtResource("3_d85cx")]
transform = Transform3D(1.2, 0, 0, 0, 1.2, 0, 0, 0, 1.2, 0, 93.7382, 67.0783)

[node name="line_loads5" parent="WorldNodes/Roads" instance=ExtResource("2_xjcyi")]
transform = Transform3D(-4.37114e-08, 0.052336, 0.99863, 0, 0.99863, -0.052336, -1, -2.28768e-09, -4.36515e-08, 14.0066, 93.4773, 67.2049)

[node name="line_loads6" parent="WorldNodes/Roads" instance=ExtResource("2_xjcyi")]
transform = Transform3D(-4.37114e-08, -0.052336, 0.99863, 0, 0.99863, 0.052336, -1, 2.28768e-09, -4.36515e-08, -13.8728, 93.4687, 67.1002)

[node name="Player" parent="." instance=ExtResource("1_ayncn")]
transform = Transform3D(1, 0, 2.98023e-08, -1.49012e-08, 1, 0, 0, 2.98023e-08, 1, 0, 120, 0)

[node name="PauseMenu" parent="Player" instance=ExtResource("3_00pf1")]

[node name="Ball" parent="." instance=ExtResource("5_ebwre")]
transform = Transform3D(1, 0, 0, 0, 1, 0, 0, 0, 1, 0, 130.979, 0)

[node name="mainIsland" parent="." instance=ExtResource("3_c2l6n")]
transform = Transform3D(100, 0, 0, 0, 100, 0, 0, 0, 100, 0, 60, 0)

[node name="chair" parent="." instance=ExtResource("6_l7a5t")]
transform = Transform3D(2, 0, 0, 0, 2, 0, 0, 0, 2, -0.993, 40.8685, 5.134)
