[gd_scene load_steps=14 format=3 uid="uid://bm0p6x7t4xpg5"]

[ext_resource type="PackedScene" uid="uid://dhtkfimwf5xo3" path="res://Models/roads/line_loads.fbx" id="2_xjcyi"]
[ext_resource type="PackedScene" uid="uid://dll7p4cp772ir" path="res://Scenes/Maps/Builbing/Islands/Island_1/mainIsland.fbx" id="3_c2l6n"]
[ext_resource type="PackedScene" uid="uid://c1yemjt28cwwu" path="res://Models/roads/crossroad4.fbx" id="3_d85cx"]
[ext_resource type="PackedScene" uid="uid://4qb40w3bmg8b" path="res://Scenes/Items/jelly/ball.tscn" id="5_ebwre"]
[ext_resource type="PackedScene" uid="uid://qlax26crfd6l" path="res://Scenes/Maps/Water/Water.tscn" id="5_nbedp"]
[ext_resource type="PackedScene" uid="uid://b580qncoyioy0" path="res://Scenes/Entity/player/Player2.tscn" id="8_6q0ka"]
[ext_resource type="PackedScene" uid="uid://bmy2552lbvqm3" path="res://Scenes/Items/furniture/chair/Chair.tscn" id="8_pakax"]
[ext_resource type="PackedScene" uid="uid://b50rjrdl3wcn4" path="res://Scenes/Maps/Builbing/Houses/LittleHouse/SityLittleHouse.tscn" id="8_thisd"]
[ext_resource type="PackedScene" uid="uid://dr5js4rmcukyw" path="res://Scenes/Items/furniture/door/wooden_door.tscn" id="9_oldqg"]

[sub_resource type="StandardMaterial3D" id="StandardMaterial3D_v5wpo"]
cull_mode = 2
albedo_color = Color(0.803922, 0.670588, 0.25098, 1)

[sub_resource type="ProceduralSkyMaterial" id="ProceduralSkyMaterial_cpmqf"]
sky_top_color = Color(0.285199, 0.661607, 0.831565, 1)
sky_horizon_color = Color(0.4, 0.654902, 0.756863, 1)
ground_bottom_color = Color(0.487269, 0.592586, 0.913469, 1)
ground_horizon_color = Color(0.834101, 0.498423, 0.838669, 1)
ground_curve = 1.7003e-05
sun_angle_max = 21.0
sun_curve = 0.7917

[sub_resource type="Sky" id="Sky_es0ww"]
sky_material = SubResource("ProceduralSkyMaterial_cpmqf")

[sub_resource type="Environment" id="Environment_25vrm"]
background_mode = 2
background_color = Color(0.4, 0.654902, 0.756863, 1)
sky = SubResource("Sky_es0ww")
ambient_light_source = 3
ambient_light_color = Color(0.401506, 0.655985, 0.755383, 1)
reflected_light_source = 2
ssr_fade_in = 0.0299845
ssao_power = 0.549032
fog_light_energy = 0.55
fog_sky_affect = 0.859
fog_height_density = 16.0

[node name="Map" type="Node3D"]

[node name="WorldNodes" type="Node3D" parent="."]

[node name="CSGBox3D" type="CSGBox3D" parent="WorldNodes"]
use_collision = true
size = Vector3(10000, 72.82, 10000)
material = SubResource("StandardMaterial3D_v5wpo")

[node name="WorldEnvironment" type="WorldEnvironment" parent="WorldNodes"]
environment = SubResource("Environment_25vrm")

[node name="DirectionalLight3D" type="DirectionalLight3D" parent="WorldNodes/WorldEnvironment"]
transform = Transform3D(-0.934695, -4.37964e-07, 0.35545, 0.221195, 0.782782, 0.581658, -0.27824, 0.622297, -0.731662, 0, 16.5344, -20.3431)
light_color = Color(0.928691, 0.872812, 0.890991, 1)
shadow_enabled = true
shadow_opacity = 0.8
shadow_blur = 2.0
directional_shadow_split_2 = 0.0
directional_shadow_fade_start = 1.0
directional_shadow_pancake_size = 0.0

[node name="Water" parent="WorldNodes" instance=ExtResource("5_nbedp")]
transform = Transform3D(10000, 0, 0, 0, 75, 0, 0, 0, 10000, 0, 23.3485, 0)

[node name="mainIsland" parent="WorldNodes" instance=ExtResource("3_c2l6n")]
transform = Transform3D(100, 0, 0, 0, 100, 0, 0, 0, 100, 0, 60, 0)

[node name="Roads" type="Node3D" parent="."]

[node name="line_loads" parent="Roads" instance=ExtResource("2_xjcyi")]
transform = Transform3D(1, 0, 0, 0, 0.984808, -0.173648, 0, 0.173648, 0.984808, 0, 105.821, 0)

[node name="line_loads2" parent="Roads" instance=ExtResource("2_xjcyi")]
transform = Transform3D(1, 0, 0, 0, 0.984808, -0.173648, 0, 0.173648, 0.984808, -0.0202875, 102.622, 18.2386)

[node name="line_loads3" parent="Roads" instance=ExtResource("2_xjcyi")]
transform = Transform3D(1, 0, 0, 0, 0.97437, -0.224951, 0, 0.224951, 0.97437, -0.0470829, 99.0866, 35.6907)

[node name="line_loads4" parent="Roads" instance=ExtResource("2_xjcyi")]
transform = Transform3D(1, 0, 0, 0, 0.984808, -0.173648, 0, 0.173648, 0.984808, 0, 95.5567, 53.0818)

[node name="line_loads7" parent="Roads" instance=ExtResource("2_xjcyi")]
transform = Transform3D(1, 0, 0, 0, 0.996195, -0.0871557, 0, 0.0871557, 0.996195, 0, 93.1626, 80.8952)

[node name="crossroad4" parent="Roads" instance=ExtResource("3_d85cx")]
transform = Transform3D(1.2, 0, 0, 0, 1.2, 0, 0, 0, 1.2, 0, 93.7382, 67.0783)

[node name="line_loads5" parent="Roads" instance=ExtResource("2_xjcyi")]
transform = Transform3D(-4.37114e-08, 0.052336, 0.99863, 0, 0.99863, -0.052336, -1, -2.28768e-09, -4.36515e-08, 14.0066, 93.4773, 67.2049)

[node name="line_loads6" parent="Roads" instance=ExtResource("2_xjcyi")]
transform = Transform3D(-4.37114e-08, -0.052336, 0.99863, 0, 0.99863, 0.052336, -1, 2.28768e-09, -4.36515e-08, -13.8728, 93.4687, 67.1002)

[node name="Houses" type="Node3D" parent="."]
transform = Transform3D(-0.577644, 0, -0.816289, 0, 1, 0, 0.816289, 0, -0.577644, 88.7812, 116.719, -40.6841)

[node name="miniLiveHouse" parent="Houses" instance=ExtResource("8_thisd")]
transform = Transform3D(0.442293, 0, 0.273454, 0, 0.52, 0, -0.273454, 0, 0.442293, 0.503143, -0.256409, -1.43745)

[node name="chair" parent="Houses/miniLiveHouse" instance=ExtResource("8_pakax")]
transform = Transform3D(3.35129, 0, 3.71064, 0, 4.99999, 0, -3.71064, 0, 3.35129, 13.3882, 6.5271, 12.8393)

[node name="Ball" parent="." instance=ExtResource("5_ebwre")]
transform = Transform3D(1, 0, 0, 0, 1, 0, 0, 0, 1, -0.515869, 130.978, -0.215714)

[node name="pupok" parent="." instance=ExtResource("8_6q0ka")]
transform = Transform3D(1, 0, 0, 0, 1, 0, 0, 0, 1, 83.65, 122.495, -12.5962)

[node name="WoodenDoor" parent="." instance=ExtResource("9_oldqg")]
transform = Transform3D(-0.062059, 0, -0.998073, 0, 1, 0, 0.998073, 0, -0.062059, 93.5736, 121.836, -29.4607)
